{
  "labels": {
    "x": ["ADAM", "AMPer", "AMSDb", "ANTISTAPHYBASE", "APD", "AVPdb", "AntiTbPdb", "BaAMP", "Bactibase", "Bagel_I", "Bagel_II", "CAMP_Patent", "CAMP_Structure", "CAMP_Validated", "CancerPPD", "CyBase_Cyclotides", "DADP", "DAMPD", "DBAASP", "DRAMP_Clinical", "DRAMP_General", "DRAMP_Patent", "Defensins", "HIPdb", "Hemolytik", "InverPep", "LAMP_Experimental", "LAMP_Patent", "MilkAMP", "NeuroPep", "ParaPep", "PepBase", "PhytAMP", "RAPD", "SATPdb", "THPdb", "UniProtkb", "YADAMP", "dbAMP", "StraPep", "StarPepDB"],
    "y": ["ADAM", "AMPer", "AMSDb", "ANTISTAPHYBASE", "APD", "AVPdb", "AntiTbPdb", "BaAMP", "Bactibase", "Bagel_I", "Bagel_II", "CAMP_Patent", "CAMP_Structure", "CAMP_Validated", "CancerPPD", "CyBase_Cyclotides", "DADP", "DAMPD", "DBAASP", "DRAMP_Clinical", "DRAMP_General", "DRAMP_Patent", "Defensins", "HIPdb", "Hemolytik", "InverPep", "LAMP_Experimental", "LAMP_Patent", "MilkAMP", "NeuroPep", "ParaPep", "PepBase", "PhytAMP", "RAPD", "SATPdb", "THPdb", "UniProtkb", "YADAMP", "dbAMP", "StraPep", "StarPepDB"]
  },
  "data": {
    "absolute": [
      [3256, 359, 349, 418, 2400, 34, 26, 34, 133, 16, 45, 97, 150, 2427, 147, 133, 521, 575, 1688, 8, 2532, 360, 71, 36, 384, 556, 2206, 44, 10, 25, 55, 1, 157, 72, 2853, 0, 751, 2029, 2764, 244, 3256],
      [359, 749, 431, 55, 305, 4, 2, 3, 0, 0, 0, 70, 15, 299, 25, 40, 223, 407, 211, 0, 369, 158, 173, 9, 53, 82, 519, 22, 0, 4, 5, 20, 56, 9, 379, 0, 593, 323, 345, 37, 749],
      [349, 431, 719, 63, 297, 10, 7, 12, 0, 0, 0, 73, 26, 306, 30, 0, 152, 334, 239, 1, 385, 194, 159, 10, 87, 93, 636, 32, 3, 8, 17, 5, 18, 22, 340, 1, 450, 332, 333, 53, 719],
      [418, 55, 63, 582, 364, 4, 5, 10, 2, 0, 1, 27, 16, 389, 40, 2, 162, 90, 506, 2, 521, 69, 6, 19, 128, 59, 409, 12, 1, 2, 21, 0, 2, 12, 576, 0, 101, 578, 415, 34, 582],
      [2400, 305, 297, 364, 2949, 26, 35, 39, 99, 14, 27, 76, 141, 1794, 138, 132, 461, 394, 1826, 8, 2081, 300, 47, 33, 358, 551, 1797, 29, 7, 21, 51, 1, 110, 61, 2275, 0, 519, 1612, 2470, 233, 2949],
      [34, 4, 10, 4, 26, 2074, 7, 13, 0, 0, 0, 76, 10, 34, 16, 0, 3, 5, 81, 3, 28, 161, 0, 19, 34, 5, 24, 72, 6, 2, 10, 0, 0, 9, 1992, 1, 6, 25, 49, 15, 2074],
      [26, 2, 7, 5, 35, 7, 343, 17, 2, 0, 1, 11, 9, 25, 15, 0, 0, 6, 223, 4, 40, 57, 0, 3, 39, 13, 21, 5, 3, 1, 23, 0, 0, 9, 68, 0, 7, 27, 37, 14, 343],
      [34, 3, 12, 10, 39, 13, 17, 196, 1, 0, 0, 19, 12, 34, 18, 0, 1, 4, 115, 8, 55, 78, 1, 4, 36, 3, 30, 12, 4, 2, 14, 0, 0, 12, 179, 0, 7, 40, 43, 16, 196],
      [133, 0, 0, 2, 99, 0, 2, 1, 202, 9, 37, 2, 24, 101, 0, 0, 0, 29, 46, 3, 181, 6, 0, 1, 0, 0, 158, 0, 0, 0, 0, 0, 0, 10, 153, 0, 38, 112, 117, 39, 202],
      [16, 0, 0, 0, 14, 0, 0, 0, 9, 422, 2, 0, 2, 14, 0, 0, 0, 28, 1, 0, 23, 2, 0, 0, 0, 0, 12, 0, 0, 0, 2, 0, 0, 0, 18, 0, 56, 13, 25, 4, 422],
      [45, 0, 0, 1, 27, 0, 1, 0, 37, 2, 206, 3, 6, 35, 0, 0, 0, 46, 16, 0, 55, 3, 0, 0, 1, 0, 41, 0, 0, 0, 1, 0, 0, 0, 40, 0, 53, 32, 54, 8, 206],
      [97, 70, 73, 27, 76, 76, 11, 19, 2, 0, 3, 1917, 12, 85, 18, 0, 39, 71, 198, 2, 126, 1781, 13, 16, 38, 18, 59, 1490, 0, 3, 19, 4, 7, 8, 204, 0, 77, 105, 224, 23, 1917],
      [150, 15, 26, 16, 141, 10, 9, 12, 24, 2, 6, 12, 427, 133, 18, 9, 3, 21, 155, 2, 165, 47, 10, 4, 42, 37, 139, 10, 3, 0, 18, 0, 13, 29, 151, 1, 24, 117, 401, 206, 427],
      [2427, 299, 306, 389, 1794, 34, 25, 34, 101, 14, 35, 85, 133, 2581, 115, 40, 428, 556, 1490, 6, 2043, 317, 66, 32, 363, 468, 1943, 34, 10, 23, 50, 1, 79, 62, 2143, 0, 657, 1824, 2578, 212, 2581],
      [147, 25, 30, 40, 138, 16, 15, 18, 0, 0, 0, 18, 18, 115, 577, 26, 40, 33, 281, 4, 168, 62, 1, 8, 89, 18, 122, 9, 3, 3, 19, 0, 7, 13, 573, 0, 37, 116, 144, 25, 577],
      [133, 40, 0, 2, 132, 0, 0, 0, 0, 0, 0, 0, 9, 40, 26, 629, 0, 14, 101, 0, 144, 0, 0, 0, 10, 0, 120, 0, 0, 0, 1, 0, 74, 0, 145, 0, 10, 22, 65, 20, 629],
      [521, 223, 152, 162, 461, 3, 0, 1, 0, 0, 0, 39, 3, 428, 40, 0, 2211, 327, 431, 1, 669, 50, 0, 8, 95, 1, 492, 0, 0, 24, 10, 0, 0, 3, 739, 0, 503, 501, 443, 15, 2211],
      [575, 407, 334, 90, 394, 5, 6, 4, 29, 28, 46, 71, 21, 556, 33, 14, 327, 974, 351, 0, 571, 159, 131, 11, 90, 133, 585, 25, 0, 4, 10, 5, 30, 10, 521, 0, 842, 539, 622, 52, 974],
      [1688, 211, 239, 506, 1826, 81, 223, 115, 46, 1, 16, 198, 155, 1490, 281, 101, 431, 351, 9726, 16, 2129, 845, 38, 304, 1373, 426, 1422, 133, 74, 25, 117, 0, 79, 67, 3528, 1, 461, 1595, 1986, 221, 9726],
      [8, 0, 1, 2, 8, 3, 4, 8, 3, 0, 0, 2, 2, 6, 4, 0, 1, 0, 16, 27, 11, 13, 0, 1, 4, 0, 5, 2, 1, 1, 2, 0, 0, 3, 18, 1, 1, 7, 8, 3, 27],
      [2532, 369, 385, 521, 2081, 28, 40, 55, 181, 23, 55, 126, 165, 2043, 168, 144, 669, 571, 2129, 11, 4990, 462, 119, 33, 590, 503, 2243, 65, 48, 28, 71, 2, 224, 87, 3063, 0, 891, 2203, 2351, 278, 4990],
      [360, 158, 194, 69, 300, 161, 57, 78, 6, 2, 3, 1781, 47, 317, 62, 0, 50, 159, 845, 13, 462, 12788, 65, 86, 192, 76, 355, 1404, 22, 11, 41, 6, 22, 39, 768, 2, 185, 359, 494, 76, 12788],
      [71, 173, 159, 6, 47, 0, 0, 1, 0, 0, 0, 13, 10, 66, 1, 0, 0, 131, 38, 0, 119, 65, 458, 0, 1, 21, 273, 13, 0, 0, 0, 0, 8, 3, 60, 0, 258, 64, 84, 14, 458],
      [36, 9, 10, 19, 33, 19, 3, 4, 1, 0, 0, 16, 4, 32, 8, 0, 8, 11, 304, 1, 33, 86, 0, 887, 16, 11, 32, 11, 1, 3, 4, 0, 0, 5, 882, 1, 12, 34, 47, 10, 887],
      [384, 53, 87, 128, 358, 34, 39, 36, 0, 0, 1, 38, 42, 363, 89, 10, 95, 90, 1373, 4, 590, 192, 1, 16, 1726, 114, 382, 21, 8, 4, 75, 0, 2, 22, 1698, 0, 110, 390, 399, 65, 1726],
      [556, 82, 93, 59, 551, 5, 13, 3, 0, 0, 0, 18, 37, 468, 18, 0, 1, 133, 426, 0, 503, 76, 21, 11, 114, 721, 407, 9, 0, 4, 17, 1, 0, 22, 482, 0, 166, 404, 603, 58, 721],
      [2206, 519, 636, 409, 1797, 24, 21, 30, 158, 12, 41, 59, 139, 1943, 122, 120, 492, 585, 1422, 5, 2243, 355, 273, 32, 382, 407, 3190, 0, 14, 21, 49, 1, 243, 101, 2246, 1, 766, 1866, 2093, 203, 3190],
      [44, 22, 32, 12, 29, 72, 5, 12, 0, 0, 0, 1490, 10, 34, 9, 0, 0, 25, 133, 2, 65, 1404, 13, 11, 21, 9, 0, 1490, 0, 3, 17, 4, 7, 5, 140, 0, 27, 56, 169, 17, 1490],
      [10, 0, 3, 1, 7, 6, 3, 4, 0, 0, 0, 0, 3, 10, 3, 0, 0, 0, 74, 1, 48, 22, 0, 1, 8, 0, 14, 0, 310, 0, 1, 0, 0, 4, 34, 0, 0, 11, 19, 3, 310],
      [25, 4, 8, 2, 21, 2, 1, 2, 0, 0, 0, 3, 0, 23, 3, 0, 24, 4, 25, 1, 28, 11, 0, 3, 4, 4, 21, 3, 0, 3658, 9, 0, 0, 1, 450, 7, 3, 23, 29, 87, 3658],
      [55, 5, 17, 21, 51, 10, 23, 14, 0, 2, 1, 19, 18, 50, 19, 1, 10, 10, 117, 2, 71, 41, 0, 4, 75, 17, 49, 17, 1, 9, 265, 0, 1, 12, 249, 0, 10, 55, 57, 32, 265],
      [1, 20, 5, 0, 1, 0, 0, 0, 0, 0, 0, 4, 0, 1, 0, 0, 0, 5, 0, 0, 2, 6, 0, 0, 0, 1, 1, 4, 0, 0, 0, 28, 0, 0, 1, 0, 21, 1, 10, 0, 28],
      [157, 56, 18, 2, 110, 0, 0, 0, 0, 0, 0, 7, 13, 79, 7, 74, 0, 30, 79, 0, 224, 22, 8, 0, 2, 0, 243, 7, 0, 0, 1, 0, 272, 3, 191, 0, 35, 60, 99, 40, 272],
      [72, 9, 22, 12, 61, 9, 9, 12, 10, 0, 0, 8, 29, 62, 13, 0, 3, 10, 67, 3, 87, 39, 3, 5, 22, 22, 101, 5, 4, 1, 12, 0, 3, 118, 66, 0, 12, 64, 80, 39, 118],
      [2853, 379, 340, 576, 2275, 1992, 68, 179, 153, 18, 40, 204, 151, 2143, 573, 145, 739, 521, 3528, 18, 3063, 768, 60, 882, 1698, 482, 2246, 140, 34, 450, 249, 1, 191, 66, 17275, 8, 750, 2327, 2647, 430, 17275],
      [3256, 749, 719, 582, 2949, 2074, 343, 196, 202, 422, 206, 1917, 427, 2581, 577, 629, 2211, 974, 9726, 27, 4990, 12788, 458, 887, 1726, 721, 3190, 1490, 310, 3658, 265, 28, 272, 118, 17275, 34, 2206, 2523, 3902, 1026, 45120],
      [0, 0, 1, 0, 0, 1, 0, 0, 0, 0, 0, 0, 1, 0, 0, 0, 0, 0, 1, 1, 0, 2, 0, 1, 0, 0, 1, 0, 0, 7, 0, 0, 0, 0, 8, 34, 0, 0, 1, 11, 34],
      [751, 593, 450, 101, 519, 6, 7, 7, 38, 56, 53, 77, 24, 657, 37, 10, 503, 842, 461, 1, 891, 185, 258, 12, 110, 166, 766, 27, 0, 3, 10, 21, 35, 12, 750, 0, 2206, 643, 744, 62, 2206],
      [2029, 323, 332, 578, 1612, 25, 27, 40, 112, 13, 32, 105, 117, 1824, 116, 22, 501, 539, 1595, 7, 2203, 359, 64, 34, 390, 404, 1866, 56, 11, 23, 55, 1, 60, 64, 2327, 0, 643, 2523, 1952, 191, 2523],
      [2764, 345, 333, 415, 2470, 49, 37, 43, 117, 25, 54, 224, 401, 2578, 144, 65, 443, 622, 1986, 8, 2351, 494, 84, 47, 399, 603, 2093, 169, 19, 29, 57, 10, 99, 80, 2647, 1, 744, 1952, 3902, 309, 3902],
      [244, 37, 53, 34, 233, 15, 14, 16, 39, 4, 8, 23, 206, 212, 25, 20, 15, 52, 221, 3, 278, 76, 14, 10, 65, 58, 203, 17, 3, 87, 32, 0, 40, 39, 430, 11, 62, 191, 309, 1026, 1026]
    ],
    "relative": [
      [100.0, 11.03, 10.72, 12.84, 73.71, 1.04, 0.8, 1.04, 4.08, 0.49, 1.38, 2.98, 4.61, 74.54, 4.51, 4.08, 16.0, 17.66, 51.84, 0.25, 77.76, 11.06, 2.18, 1.11, 11.79, 17.08, 67.75, 1.35, 0.31, 0.77, 1.69, 0.03, 4.82, 2.21, 87.62, 0.0, 23.07, 62.32, 84.89, 7.49, 100.0],
      [47.93, 100.0, 57.54, 7.34, 40.72, 0.53, 0.27, 0.4, 0.0, 0.0, 0.0, 9.35, 2.0, 39.92, 3.34, 5.34, 29.77, 54.34, 28.17, 0.0, 49.27, 21.09, 23.1, 1.2, 7.08, 10.95, 69.29, 2.94, 0.0, 0.53, 0.67, 2.67, 7.48, 1.2, 50.6, 0.0, 79.17, 43.12, 46.06, 4.94, 100.0],
      [48.54, 59.94, 100.0, 8.76, 41.31, 1.39, 0.97, 1.67, 0.0, 0.0, 0.0, 10.15, 3.62, 42.56, 4.17, 0.0, 21.14, 46.45, 33.24, 0.14, 53.55, 26.98, 22.11, 1.39, 12.1, 12.93, 88.46, 4.45, 0.42, 1.11, 2.36, 0.7, 2.5, 3.06, 47.29, 0.14, 62.59, 46.18, 46.31, 7.37, 100.0],
      [71.82, 9.45, 10.82, 100.0, 62.54, 0.69, 0.86, 1.72, 0.34, 0.0, 0.17, 4.64, 2.75, 66.84, 6.87, 0.34, 27.84, 15.46, 86.94, 0.34, 89.52, 11.86, 1.03, 3.26, 21.99, 10.14, 70.27, 2.06, 0.17, 0.34, 3.61, 0.0, 0.34, 2.06, 98.97, 0.0, 17.35, 99.31, 71.31, 5.84, 100.0],
      [81.38, 10.34, 10.07, 12.34, 100.0, 0.88, 1.19, 1.32, 3.36, 0.47, 0.92, 2.58, 4.78, 60.83, 4.68, 4.48, 15.63, 13.36, 61.92, 0.27, 70.57, 10.17, 1.59, 1.12, 12.14, 18.68, 60.94, 0.98, 0.24, 0.71, 1.73, 0.03, 3.73, 2.07, 77.14, 0.0, 17.6, 54.66, 83.76, 7.9, 100.0],
      [1.64, 0.19, 0.48, 0.19, 1.25, 100.0, 0.34, 0.63, 0.0, 0.0, 0.0, 3.66, 0.48, 1.64, 0.77, 0.0, 0.14, 0.24, 3.91, 0.14, 1.35, 7.76, 0.0, 0.92, 1.64, 0.24, 1.16, 3.47, 0.29, 0.1, 0.48, 0.0, 0.0, 0.43, 96.05, 0.05, 0.29, 1.21, 2.36, 0.72, 100.0],
      [7.58, 0.58, 2.04, 1.46, 10.2, 2.04, 100.0, 4.96, 0.58, 0.0, 0.29, 3.21, 2.62, 7.29, 4.37, 0.0, 0.0, 1.75, 65.01, 1.17, 11.66, 16.62, 0.0, 0.87, 11.37, 3.79, 6.12, 1.46, 0.87, 0.29, 6.71, 0.0, 0.0, 2.62, 19.83, 0.0, 2.04, 7.87, 10.79, 4.08, 100.0],
      [17.35, 1.53, 6.12, 5.1, 19.9, 6.63, 8.67, 100.0, 0.51, 0.0, 0.0, 9.69, 6.12, 17.35, 9.18, 0.0, 0.51, 2.04, 58.67, 4.08, 28.06, 39.8, 0.51, 2.04, 18.37, 1.53, 15.31, 6.12, 2.04, 1.02, 7.14, 0.0, 0.0, 6.12, 91.33, 0.0, 3.57, 20.41, 21.94, 8.16, 100.0],
      [65.84, 0.0, 0.0, 0.99, 49.01, 0.0, 0.99, 0.5, 100.0, 4.46, 18.32, 0.99, 11.88, 50.0, 0.0, 0.0, 0.0, 14.36, 22.77, 1.49, 89.6, 2.97, 0.0, 0.5, 0.0, 0.0, 78.22, 0.0, 0.0, 0.0, 0.0, 0.0, 0.0, 4.95, 75.74, 0.0, 18.81, 55.45, 57.92, 19.31, 100.0],
      [3.79, 0.0, 0.0, 0.0, 3.32, 0.0, 0.0, 0.0, 2.13, 100.0, 0.47, 0.0, 0.47, 3.32, 0.0, 0.0, 0.0, 6.64, 0.24, 0.0, 5.45, 0.47, 0.0, 0.0, 0.0, 0.0, 2.84, 0.0, 0.0, 0.0, 0.47, 0.0, 0.0, 0.0, 4.27, 0.0, 13.27, 3.08, 5.92, 0.95, 100.0],
      [21.84, 0.0, 0.0, 0.49, 13.11, 0.0, 0.49, 0.0, 17.96, 0.97, 100.0, 1.46, 2.91, 16.99, 0.0, 0.0, 0.0, 22.33, 7.77, 0.0, 26.7, 1.46, 0.0, 0.0, 0.49, 0.0, 19.9, 0.0, 0.0, 0.0, 0.49, 0.0, 0.0, 0.0, 19.42, 0.0, 25.73, 15.53, 26.21, 3.88, 100.0],
      [5.06, 3.65, 3.81, 1.41, 3.96, 3.96, 0.57, 0.99, 0.1, 0.0, 0.16, 100.0, 0.63, 4.43, 0.94, 0.0, 2.03, 3.7, 10.33, 0.1, 6.57, 92.91, 0.68, 0.83, 1.98, 0.94, 3.08, 77.73, 0.0, 0.16, 0.99, 0.21, 0.37, 0.42, 10.64, 0.0, 4.02, 5.48, 11.68, 1.2, 100.0],
      [35.13, 3.51, 6.09, 3.75, 33.02, 2.34, 2.11, 2.81, 5.62, 0.47, 1.41, 2.81, 100.0, 31.15, 4.22, 2.11, 0.7, 4.92, 36.3, 0.47, 38.64, 11.01, 2.34, 0.94, 9.84, 8.67, 32.55, 2.34, 0.7, 0.0, 4.22, 0.0, 3.04, 6.79, 35.36, 0.23, 5.62, 27.4, 93.91, 48.24, 100.0],
      [94.03, 11.58, 11.86, 15.07, 69.51, 1.32, 0.97, 1.32, 3.91, 0.54, 1.36, 3.29, 5.15, 100.0, 4.46, 1.55, 16.58, 21.54, 57.73, 0.23, 79.16, 12.28, 2.56, 1.24, 14.06, 18.13, 75.28, 1.32, 0.39, 0.89, 1.94, 0.04, 3.06, 2.4, 83.03, 0.0, 25.46, 70.67, 99.88, 8.21, 100.0],
      [25.48, 4.33, 5.2, 6.93, 23.92, 2.77, 2.6, 3.12, 0.0, 0.0, 0.0, 3.12, 3.12, 19.93, 100.0, 4.51, 6.93, 5.72, 48.7, 0.69, 29.12, 10.75, 0.17, 1.39, 15.42, 3.12, 21.14, 1.56, 0.52, 0.52, 3.29, 0.0, 1.21, 2.25, 99.31, 0.0, 6.41, 20.1, 24.96, 4.33, 100.0],
      [21.14, 6.36, 0.0, 0.32, 20.99, 0.0, 0.0, 0.0, 0.0, 0.0, 0.0, 0.0, 1.43, 6.36, 4.13, 100.0, 0.0, 2.23, 16.06, 0.0, 22.89, 0.0, 0.0, 0.0, 1.59, 0.0, 19.08, 0.0, 0.0, 0.0, 0.16, 0.0, 11.76, 0.0, 23.05, 0.0, 1.59, 3.5, 10.33, 3.18, 100.0],
      [23.56, 10.09, 6.87, 7.33, 20.85, 0.14, 0.0, 0.05, 0.0, 0.0, 0.0, 1.76, 0.14, 19.36, 1.81, 0.0, 100.0, 14.79, 19.49, 0.05, 30.26, 2.26, 0.0, 0.36, 4.3, 0.05, 22.25, 0.0, 0.0, 1.09, 0.45, 0.0, 0.0, 0.14, 33.42, 0.0, 22.75, 22.66, 20.04, 0.68, 100.0],
      [59.03, 41.79, 34.29, 9.24, 40.45, 0.51, 0.62, 0.41, 2.98, 2.87, 4.72, 7.29, 2.16, 57.08, 3.39, 1.44, 33.57, 100.0, 36.04, 0.0, 58.62, 16.32, 13.45, 1.13, 9.24, 13.66, 60.06, 2.57, 0.0, 0.41, 1.03, 0.51, 3.08, 1.03, 53.49, 0.0, 86.45, 55.34, 63.86, 5.34, 100.0],
      [17.36, 2.17, 2.46, 5.2, 18.77, 0.83, 2.29, 1.18, 0.47, 0.01, 0.16, 2.04, 1.59, 15.32, 2.89, 1.04, 4.43, 3.61, 100.0, 0.16, 21.89, 8.69, 0.39, 3.13, 14.12, 4.38, 14.62, 1.37, 0.76, 0.26, 1.2, 0.0, 0.81, 0.69, 36.27, 0.01, 4.74, 16.4, 20.42, 2.27, 100.0],
      [29.63, 0.0, 3.7, 7.41, 29.63, 11.11, 14.81, 29.63, 11.11, 0.0, 0.0, 7.41, 7.41, 22.22, 14.81, 0.0, 3.7, 0.0, 59.26, 100.0, 40.74, 48.15, 0.0, 3.7, 14.81, 0.0, 18.52, 7.41, 3.7, 3.7, 7.41, 0.0, 0.0, 11.11, 66.67, 3.7, 3.7, 25.93, 29.63, 11.11, 100.0],
      [50.74, 7.39, 7.72, 10.44, 41.7, 0.56, 0.8, 1.1, 3.63, 0.46, 1.1, 2.53, 3.31, 40.94, 3.37, 2.89, 13.41, 11.44, 42.67, 0.22, 100.0, 9.26, 2.38, 0.66, 11.82, 10.08, 44.95, 1.3, 0.96, 0.56, 1.42, 0.04, 4.49, 1.74, 61.38, 0.0, 17.86, 44.15, 47.11, 5.57, 100.0],
      [2.82, 1.24, 1.52, 0.54, 2.35, 1.26, 0.45, 0.61, 0.05, 0.02, 0.02, 13.93, 0.37, 2.48, 0.48, 0.0, 0.39, 1.24, 6.61, 0.1, 3.61, 100.0, 0.51, 0.67, 1.5, 0.59, 2.78, 10.98, 0.17, 0.09, 0.32, 0.05, 0.17, 0.3, 6.01, 0.02, 1.45, 2.81, 3.86, 0.59, 100.0],
      [15.5, 37.77, 34.72, 1.31, 10.26, 0.0, 0.0, 0.22, 0.0, 0.0, 0.0, 2.84, 2.18, 14.41, 0.22, 0.0, 0.0, 28.6, 8.3, 0.0, 25.98, 14.19, 100.0, 0.0, 0.22, 4.59, 59.61, 2.84, 0.0, 0.0, 0.0, 0.0, 1.75, 0.66, 13.1, 0.0, 56.33, 13.97, 18.34, 3.06, 100.0],
      [4.06, 1.01, 1.13, 2.14, 3.72, 2.14, 0.34, 0.45, 0.11, 0.0, 0.0, 1.8, 0.45, 3.61, 0.9, 0.0, 0.9, 1.24, 34.27, 0.11, 3.72, 9.7, 0.0, 100.0, 1.8, 1.24, 3.61, 1.24, 0.11, 0.34, 0.45, 0.0, 0.0, 0.56, 99.44, 0.11, 1.35, 3.83, 5.3, 1.13, 100.0],
      [22.25, 3.07, 5.04, 7.42, 20.74, 1.97, 2.26, 2.09, 0.0, 0.0, 0.06, 2.2, 2.43, 21.03, 5.16, 0.58, 5.5, 5.21, 79.55, 0.23, 34.18, 11.12, 0.06, 0.93, 100.0, 6.6, 22.13, 1.22, 0.46, 0.23, 4.35, 0.0, 0.12, 1.27, 98.38, 0.0, 6.37, 22.6, 23.12, 3.77, 100.0],
      [77.12, 11.37, 12.9, 8.18, 76.42, 0.69, 1.8, 0.42, 0.0, 0.0, 0.0, 2.5, 5.13, 64.91, 2.5, 0.0, 0.14, 18.45, 59.08, 0.0, 69.76, 10.54, 2.91, 1.53, 15.81, 100.0, 56.45, 1.25, 0.0, 0.55, 2.36, 0.14, 0.0, 3.05, 66.85, 0.0, 23.02, 56.03, 83.63, 8.04, 100.0],
      [69.15, 16.27, 19.94, 12.82, 56.33, 0.75, 0.66, 0.94, 4.95, 0.38, 1.29, 1.85, 4.36, 60.91, 3.82, 3.76, 15.42, 18.34, 44.58, 0.16, 70.31, 11.13, 8.56, 1.0, 11.97, 12.76, 100.0, 0.0, 0.44, 0.66, 1.54, 0.03, 7.62, 3.17, 70.41, 0.03, 24.01, 58.5, 65.61, 6.36, 100.0],
      [2.95, 1.48, 2.15, 0.81, 1.95, 4.83, 0.34, 0.81, 0.0, 0.0, 0.0, 100.0, 0.67, 2.28, 0.6, 0.0, 0.0, 1.68, 8.93, 0.13, 4.36, 94.23, 0.87, 0.74, 1.41, 0.6, 0.0, 100.0, 0.0, 0.2, 1.14, 0.27, 0.47, 0.34, 9.4, 0.0, 1.81, 3.76, 11.34, 1.14, 100.0],
      [3.23, 0.0, 0.97, 0.32, 2.26, 1.94, 0.97, 1.29, 0.0, 0.0, 0.0, 0.0, 0.97, 3.23, 0.97, 0.0, 0.0, 0.0, 23.87, 0.32, 15.48, 7.1, 0.0, 0.32, 2.58, 0.0, 4.52, 0.0, 100.0, 0.0, 0.32, 0.0, 0.0, 1.29, 10.97, 0.0, 0.0, 3.55, 6.13, 0.97, 100.0],
      [0.68, 0.11, 0.22, 0.05, 0.57, 0.05, 0.03, 0.05, 0.0, 0.0, 0.0, 0.08, 0.0, 0.63, 0.08, 0.0, 0.66, 0.11, 0.68, 0.03, 0.77, 0.3, 0.0, 0.08, 0.11, 0.11, 0.57, 0.08, 0.0, 100.0, 0.25, 0.0, 0.0, 0.03, 12.3, 0.19, 0.08, 0.63, 0.79, 2.38, 100.0],
      [20.75, 1.89, 6.42, 7.92, 19.25, 3.77, 8.68, 5.28, 0.0, 0.75, 0.38, 7.17, 6.79, 18.87, 7.17, 0.38, 3.77, 3.77, 44.15, 0.75, 26.79, 15.47, 0.0, 1.51, 28.3, 6.42, 18.49, 6.42, 0.38, 3.4, 100.0, 0.0, 0.38, 4.53, 93.96, 0.0, 3.77, 20.75, 21.51, 12.08, 100.0],
      [3.57, 71.43, 17.86, 0.0, 3.57, 0.0, 0.0, 0.0, 0.0, 0.0, 0.0, 14.29, 0.0, 3.57, 0.0, 0.0, 0.0, 17.86, 0.0, 0.0, 7.14, 21.43, 0.0, 0.0, 0.0, 3.57, 3.57, 14.29, 0.0, 0.0, 0.0, 100.0, 0.0, 0.0, 3.57, 0.0, 75.0, 3.57, 35.71, 0.0, 100.0],
      [57.72, 20.59, 6.62, 0.74, 40.44, 0.0, 0.0, 0.0, 0.0, 0.0, 0.0, 2.57, 4.78, 29.04, 2.57, 27.21, 0.0, 11.03, 29.04, 0.0, 82.35, 8.09, 2.94, 0.0, 0.74, 0.0, 89.34, 2.57, 0.0, 0.0, 0.37, 0.0, 100.0, 1.1, 70.22, 0.0, 12.87, 22.06, 36.4, 14.71, 100.0],
      [61.02, 7.63, 18.64, 10.17, 51.69, 7.63, 7.63, 10.17, 8.47, 0.0, 0.0, 6.78, 24.58, 52.54, 11.02, 0.0, 2.54, 8.47, 56.78, 2.54, 73.73, 33.05, 2.54, 4.24, 18.64, 18.64, 85.59, 4.24, 3.39, 0.85, 10.17, 0.0, 2.54, 100.0, 55.93, 0.0, 10.17, 54.24, 67.8, 33.05, 100.0],
      [16.52, 2.19, 1.97, 3.33, 13.17, 11.53, 0.39, 1.04, 0.89, 0.1, 0.23, 1.18, 0.87, 12.41, 3.32, 0.84, 4.28, 3.02, 20.42, 0.1, 17.73, 4.45, 0.35, 5.11, 9.83, 2.79, 13.0, 0.81, 0.2, 2.6, 1.44, 0.01, 1.11, 0.38, 100.0, 0.05, 4.34, 13.47, 15.32, 2.49, 100.0],
      [7.22, 1.66, 1.59, 1.29, 6.54, 4.6, 0.76, 0.43, 0.45, 0.94, 0.46, 4.25, 0.95, 5.72, 1.28, 1.39, 4.9, 2.16, 21.56, 0.06, 11.06, 28.34, 1.02, 1.97, 3.83, 1.6, 7.07, 3.3, 0.69, 8.11, 0.59, 0.06, 0.6, 0.26, 38.29, 0.08, 4.89, 5.59, 8.65, 2.27, 100.0],
      [0.0, 0.0, 2.94, 0.0, 0.0, 2.94, 0.0, 0.0, 0.0, 0.0, 0.0, 0.0, 2.94, 0.0, 0.0, 0.0, 0.0, 0.0, 2.94, 2.94, 0.0, 5.88, 0.0, 2.94, 0.0, 0.0, 2.94, 0.0, 0.0, 20.59, 0.0, 0.0, 0.0, 0.0, 23.53, 100.0, 0.0, 0.0, 2.94, 32.35, 100.0],
      [34.04, 26.88, 20.4, 4.58, 23.53, 0.27, 0.32, 0.32, 1.72, 2.54, 2.4, 3.49, 1.09, 29.78, 1.68, 0.45, 22.8, 38.17, 20.9, 0.05, 40.39, 8.39, 11.7, 0.54, 4.99, 7.52, 34.72, 1.22, 0.0, 0.14, 0.45, 0.95, 1.59, 0.54, 34.0, 0.0, 100.0, 29.15, 33.73, 2.81, 100.0],
      [80.42, 12.8, 13.16, 22.91, 63.89, 0.99, 1.07, 1.59, 4.44, 0.52, 1.27, 4.16, 4.64, 72.29, 4.6, 0.87, 19.86, 21.36, 63.22, 0.28, 87.32, 14.23, 2.54, 1.35, 15.46, 16.01, 73.96, 2.22, 0.44, 0.91, 2.18, 0.04, 2.38, 2.54, 92.23, 0.0, 25.49, 100.0, 77.37, 7.57, 100.0],
      [70.84, 8.84, 8.53, 10.64, 63.3, 1.26, 0.95, 1.1, 3.0, 0.64, 1.38, 5.74, 10.28, 66.07, 3.69, 1.67, 11.35, 15.94, 50.9, 0.21, 60.25, 12.66, 2.15, 1.2, 10.23, 15.45, 53.64, 4.33, 0.49, 0.74, 1.46, 0.26, 2.54, 2.05, 67.84, 0.03, 19.07, 50.03, 100.0, 7.92, 100.0],
      [23.78, 3.61, 5.17, 3.31, 22.71, 1.46, 1.36, 1.56, 3.8, 0.39, 0.78, 2.24, 20.08, 20.66, 2.44, 1.95, 1.46, 5.07, 21.54, 0.29, 27.1, 7.41, 1.36, 0.97, 6.34, 5.65, 19.79, 1.66, 0.29, 8.48, 3.12, 0.0, 3.9, 3.8, 41.91, 1.07, 6.04, 18.62, 30.12, 100.0, 100.0]
    ]
  }
}